Paraset=[0	0	0 0 0 0
1.846	3.5	9	-1.591	3.5	6
2.4723	3.3	12	-1.1634	3.3	6
51.496	2.3	8	-11.254	2.3	4.9
25.133	2.6	8	-9.1649	2.6	5.1
1.0565	3	12	-0.88233	3	6
0.85047	3.3	8	-0.53819	3.3	4
33.314	2.4	12	-4.9627	2.4	6
0.19654	3.6	11	-0.32283	3.6	6
6.4713	2.9	12	-2.439	2.9	6
1.625	3.2	10	-1.1666	3.2	6
0.62148	3.5	12	-0.63944	3.5	6
35.699	2.4	12	-5.318	2.4	6
0.64491	3.1	12	-0.74101	3.1	6
28.996	2.9	12	-4.1542	2.9	6
69.658	2.1	12	-6.5	2.1	6
189.73	2.1	12	-12.684	2.1	6
2.1619	3.5	12	-1.4481	3.5	6
2.1619	3.5	12	-1.4481	3.5	6
2.4955	3.4	12	-1.9693	3.4	6
0.070199	3.9	12	-0.22695	3.9	6
228.47	2.6	12	-11.541	2.6	6
0	0	0	0	0	0
0	0	0	0	0	0
0	0	0	0	0	0
0	0	0	0	0	0
3.5515	3.3	12	-2.2735	3.3	6
3.5515	3.3	12	-2.2735	3.3	6
3.5515	3.3	12	-2.2735	3.3	6
74.481	2.3	8	-19.507	2.3	5.3
74.481	2.3	8	-19.507	2.3	5.3
74.481	2.3	8	-19.507	2.3	5.3
1.9191	3.7	8	-1.9858	3.7	6
1.9191	3.7	8	-1.9858	3.7	6
1.9191	3.7	8	-1.9858	3.7	6
1.1846	3.4	11	-1.0937	3.4	6
447.12	2.4	12	-18.038	2.4	6
103.18	2.4	12	-8.3024	2.4	6
1.055	3.6	12	-0.8735	3.6	6
17.823	2.9	9	-7.6023	2.9	6
29.857	3	12	-5.2425	3	6
4.1091	3.5	12	-1.6803	3.5	6
0.78165	3.7	12	-0.97924	3.7	6
19312	2	12	-158.2	2	6
341.88	2	12	-20.103	2	6
0.42074	3.7	12	-0.45451	3.7	6
30.099	2.8	12	-6.107	2.8	6
50.732	2.6	12	-7.6522	2.6	6
9.273	3.3	12	-3.789	3.3	6
712.38	2.5	12	-32.27	2.5	6
68.511	2.4	12	-6.9998	2.4	6
1707	2	12	-36.559	2	6
1707	2	12	-36.559	2	6
104.16	3	12	-14.088	3	6
2.7914	3.4	12	-2.451	3.4	6
2.7914	3.4	12	-2.451	3.4	6
0	0	0	0	0	0
0	0	0	0	0	0
0	0	0	0	0	0
0	0	0	0	0	0
2.9516	3.4	10	-2.1126	3.4	6
2.9516	3.4	10	-2.1126	3.4	6
2.9516	3.4	10	-2.1126	3.4	6
28.912	3	12	-4.0119	3	6
28.912	3	12	-4.0119	3	6
28.912	3	12	-4.0119	3	6
3.5358	3	12	-1.7122	3	6
3.5358	3	12	-1.7122	3	6
3.5358	3	12	-1.7122	3	6
5.7767	3.4	8	-5.5649	3.4	6
14.51	3	8	-7.8838	3	5
103.18	2.4	12	-8.3024	2.4	6
5.5477	3	12	-3.4207	3	6
7.4897	2.3	8	-0.64565	2.3	2.3
39.764	2.4	12	-5.9235	2.4	6
78.713	2.1	12	-7.3448	2.1	6
0.20735	3.6	12	-0.37554	3.6	6
1.4512	3.3	8	-1.3854	3.3	6
3.7065	3.4	8	-3.5756	3.4	5.8
4.5682	3.1	8	-4.0536	3.1	6
33.495	2	8	-0.70109	2	2
142.41	2.1	12	-9.5207	2.1	6
9.273	3.3	12	-3.789	3.3	6
0.84836	2.9	12	-0.78147	2.9	6
68.511	2.4	12	-6.9998	2.4	6
1707	2	12	-36.559	2	6
1707	2	12	-36.559	2	6
2.7161	3	12	-1.8193	3	6
0.82267	3.4	12	-0.84417	3.4	6
369.15	2.4	12	-18.169	2.4	6
0	0	0	0	0	0
0	0	0	0	0	0
0	0	0	0	0	0
0	0	0	0	0	0
0.62125	3.6	12	-1.0043	3.6	6
0.62125	3.6	12	-1.0043	3.6	6
0.62125	3.6	12	-1.0043	3.6	6
4.4767	3.2	12	-3.5697	3.2	6
4.4767	3.2	12	-3.5697	3.2	6
4.4767	3.2	12	-3.5697	3.2	6
100.13	2.4	12	-16.185	2.4	6
100.13	2.4	12	-16.185	2.4	6
100.13	2.4	12	-16.185	2.4	6
0.43282	3.7	12	-0.79867	3.7	6
2.0185	3.4	12	-1.5225	3.4	6
103.18	2.4	12	-8.3024	2.4	6
6.2232	2.7	8	-1.0162	2.7	2.9
2.0697	3.5	12	-1.2038	3.5	6
1.0495	3.5	12	-0.94198	3.5	6
1.6068	3.4	12	-1.4109	3.4	6
107.41	3	12	-10.022	3	6
146.51	3	12	-13.671	3	6
36.806	2.4	12	-5.4829	2.4	6
88.552	2.4	12	-8.263	2.4	6
64.776	2.4	12	-9.6494	2.4	6
18.765	3	12	-3.7704	3	6
9.273	3.3	12	-3.789	3.3	6
2185	2.5	12	-60.632	2.5	6
66.197	3	12	-8.9538	3	6
1707	2	12	-36.559	2	6
1707	2	12	-36.559	2	6
2.2121	3.5	12	-1.9856	3.5	6
35.114	3	12	-7.0555	3	6
35.114	3	12	-7.0555	3	6
0	0	0	0	0	0
0	0	0	0	0	0
0	0	0	0	0	0
0	0	0	0	0	0
356.51	2.1	11	-26.068	2.1	6
356.51	2.1	11	-26.068	2.1	6
356.51	2.1	11	-26.068	2.1	6
8.7516	2.6	8	-2.022	2.6	3.8
8.7516	2.6	8	-2.022	2.6	3.8
8.7516	2.6	8	-2.022	2.6	3.8
244.73	2.1	12	-16.361	2.1	6
244.73	2.1	12	-16.361	2.1	6
244.73	2.1	12	-16.361	2.1	6
2.4345	3.1	12	-1.2281	3.1	6
3.9752	3.4	8	-3.6449	3.4	6
103.18	2.4	12	-8.3024	2.4	6
3.0864	3	8	-1.2388	3	4.1
1.998	3.3	12	-1.6096	3.3	6
92.478	2.1	12	-10.269	2.1	6
20.503	2.7	12	-3.2959	2.7	6
37.238	2.4	12	-5.5472	2.4	6
4.3177	3.2	12	-3.0795	3.2	6
0.73961	3.1	12	-0.71416	3.1	6
12.903	2.6	8	-3.87	2.6	4.7
57.214	2.4	12	-10.046	2.4	6
6572.7	2	12	-101.32	2	6
43.425	3	12	-8.7253	3	6
492.63	2.6	12	-24.885	2.6	6
68.511	2.4	12	-6.9998	2.4	6
1707	2	12	-36.559	2	6
1707	2	12	-36.559	2	6
3.076	3.2	12	-2.2645	3.2	6
34.942	3	12	-4.979	3	5.7
231.44	2.9	12	-22.511	2.9	6
0	0	0	0	0	0
0	0	0	0	0	0
0	0	0	0	0	0
0	0	0	0	0	0
304.5	2	12	-11.077	2	6
304.5	2	12	-11.077	2	6
304.5	2	12	-11.077	2	6
104.36	2.1	12	-6.9769	2.1	6
104.36	2.1	12	-6.9769	2.1	6
104.36	2.1	12	-6.9769	2.1	6
3.4124	3	8	-1.3277	3	3.9
3.4124	3	8	-1.3277	3	3.9
3.4124	3	8	-1.3277	3	3.9
0.079074	3.9	12	-0.25564	3.9	6
1.3776	3.5	12	-1.0662	3.5	6
47.182	3	12	-6.3819	3	6
5.3622	3	12	-1.5085	3	6
0.24492	3.7	12	-0.41742	3.7	6
124.91	2	8	-3.9646	2	2.9
5.7784	3	8	-3.1909	3	5.1
3.5294	3.2	12	-1.7693	3.2	6
1857.1	2.5	12	-51.532	2.5	6
40.884	2.4	8	-12.526	2.4	5.4
68.713	2.3	8	-13.751	2.3	4.7
0.44991	3.6	12	-0.67146	3.6	6
17.976	3	12	-4.7747	3	6
9.273	3.3	12	-3.789	3.3	6
116.08	2.6	12	-10.298	2.6	6
2.1141	3.6	8	-1.5905	3.6	4.4
1707	2	12	-36.559	2	6
1707	2	12	-36.559	2	6
122.87	3	12	-13.595	3	6
56.729	3	12	-8.73	3	6
56.729	3	12	-8.73	3	6
0	0	0	0	0	0
0	0	0	0	0	0
0	0	0	0	0	0
0	0	0	0	0	0
4.6984	3.1	12	-2.7265	3.1	6
4.6984	3.1	12	-2.7265	3.1	6
4.6984	3.1	12	-2.7265	3.1	6
311.51	2.1	12	-16.408	2.1	6
311.51	2.1	12	-16.408	2.1	6
311.51	2.1	12	-16.408	2.1	6
2.8012	3	12	-1.5918	3	6
2.8012	3	12	-1.5918	3	6
2.8012	3	12	-1.5918	3	6
5.6034	2.8	8	-1.8378	2.8	4
34.589	2.7	12	-9.1875	2.7	6
26.742	2.7	8	-5.0236	2.7	3.8
10.209	2.7	12	-3.0831	2.7	6
1.588	3	8	-1.3855	3	3.8
0.54189	3.7	12	-0.67888	3.7	6
7.946	2.4	12	-2.6253	2.4	6
0.71067	3.2	12	-1.0055	3.2	6
150.41	2.1	12	-16.701	2.1	6
132.08	2.2	12	-10.77	2.2	6
1.4036	3.5	8	-1.369	3.5	5.7
35.054	2.6	12	-6.3477	2.6	6
65.393	2.4	8	-10.783	2.4	4.3
28.045	3	12	-5.7913	3	6
18.922	3.3	12	-4.2019	3.3	6
103.97	2.4	12	-13.198	2.4	6
1707	2	12	-36.559	2	6
1707	2	12	-36.559	2	6
55.111	2.4	12	-8.2097	2.4	6
5.5071	3.2	12	-2.4897	3.2	6
1.6076	3.7	12	-2.0141	3.7	6
0	0	0	0	0	0
0	0	0	0	0	0
0	0	0	0	0	0
0	0	0	0	0	0
0.754	3.6	8	-0.83752	3.6	5.5
0.754	3.6	8	-0.83752	3.6	5.5
0.754	3.6	8	-0.83752	3.6	5.5
19.908	2.6	8	-7.9971	2.6	5.2
19.908	2.6	8	-7.9971	2.6	5.2
19.908	2.6	8	-7.9971	2.6	5.2
1.1988	3.2	12	-0.98729	3.2	6
1.1988	3.2	12	-0.98729	3.2	6
1.1988	3.2	12	-0.98729	3.2	6
0.64009	3.8	8	-0.86529	3.8	5.1
1.6028	3.4	12	-1.4073	3.4	6
18.859	2.7	12	-3.6764	2.7	6
12.02	2.6	12	-2.1029	2.6	3.8
93.006	2.1	12	-7.9705	2.1	6
0.2096	3.7	10	-0.33108	3.7	6
4.9479	2.5	12	-1.5639	2.5	6
0.6534	3.1	12	-0.63091	3.1	6
0.49862	3.1	12	-0.48146	3.1	6
1.6805	3.3	12	-1.6918	3.3	6
1.8635	3.2	8	-1.4891	3.2	5.3
46.835	2.2	10	-7.9041	2.2	6
1.5194	3.1	12	-0.93932	3.1	6
100.35	2.4	10	-14.805	2.4	6
0.37074	3.1	12	-0.35798	3.1	6
0.84039	3.4	12	-0.86235	3.4	6
1.6063	3.3	12	-0.98307	3.3	6
1.6063	3.3	12	-0.98307	3.3	6
86.555	2.4	12	-9.4016	2.4	6
1.8824	3.3	12	-1.4032	3.3	6
22.873	2.9	12	-3.7499	2.9	6
0	0	0	0	0	0
0	0	0	0	0	0
0	0	0	0	0	0
0	0	0	0	0	0
1.0715	3.7	8	-1.2155	3.7	5.4
1.0715	3.7	8	-1.2155	3.7	5.4
1.0715	3.7	8	-1.2155	3.7	5.4
1.0647	3.7	8	-1.2393	3.7	4.3
1.0647	3.7	8	-1.2393	3.7	4.3
1.0647	3.7	8	-1.2393	3.7	4.3
0.53005	3.6	12	-0.91213	3.6	5.9
0.53005	3.6	12	-0.91213	3.6	5.9
0.53005	3.6	12	-0.91213	3.6	5.9
0.29441	3.6	12	-0.42569	3.6	6
260.89	2.1	12	-17.442	2.1	6
103.18	2.4	12	-8.3024	2.4	6
2.0991	3	12	-1.406	3	6
0.6145	3.4	12	-0.98124	3.4	6
0.17678	3.6	12	-0.35357	3.6	6
18.413	2.4	12	-4.6369	2.4	6
2.9091	2.9	12	-2.0884	2.9	6
976.68	2.6	12	-38.619	2.6	6
35.32	2.4	12	-5.2614	2.4	6
65.099	2.1	12	-6.0745	2.1	6
1.749	3.3	12	-1.5003	3.3	6
7.6682	3.8	12	-3.7755	3.8	6
20.041	3.3	12	-4.8022	3.3	6
1.6935	2.9	12	-1.56	2.9	6
98.732	2.4	12	-13.57	2.4	6
1707	2	12	-36.559	2	6
1707	2	12	-36.559	2	6
343.87	2.4	12	-20.791	2.4	6
1049.6	2.5	12	-37.029	2.5	6
3639.4	2.2	12	-87.106	2.2	6
0	0	0	0	0	0
0	0	0	0	0	0
0	0	0	0	0	0
0	0	0	0	0	0
0.67646	3.7	9	-0.75064	3.7	5.9
0.67646	3.7	9	-0.75064	3.7	5.9
0.67646	3.7	9	-0.75064	3.7	5.9
86.766	2.3	10	-11.307	2.3	5.9
86.766	2.3	10	-11.307	2.3	5.9
86.766	2.3	10	-11.307	2.3	5.9
1.5509	3.4	8	-1.5716	3.4	6
1.5509	3.4	8	-1.5716	3.4	6
1.5509	3.4	8	-1.5716	3.4	6
73.591	2.3	12	-6.192	2.3	6
428.39	2.2	8	-95.317	2.2	5.7
103.18	2.4	12	-8.3024	2.4	6
1.0121	3.5	12	-0.88167	3.5	6
892.85	2.1	12	-30.417	2.1	6
230.24	2.5	12	-13.539	2.5	6
